018 2.693984866142273 1684 2920 1853 3311.3 
018 4.5018520057201385 2437 3065 2601 3444.6 
018 1.8472040593624115 2490 3942 2735 4508.8 
018 1.6859313547611237 659 4016 828 4407.3 
018 2.456051766872406 659 4016 879 4525.6 
018 0.8685597084022814 9567 231 9716 380 
018 0.996832235500855 1875 634 2318 1077 
018 0.8714724493022157 718 2951 850 3083 
018 0.9538099006814686 1142 3947 1296 4101 
018 0.9764257324522531 1909 3953 2060 4104 
018 0.8656819043692743 3480 4464 3629 4613 
018 0.8585292922291424 5662 5550 5765 5653 
036 2.5204709470272064 460 454 944 1572.0 
036 0.8744617776019818 4556 4318 4632 4394 
043 2.614984303712845 3751 6090 3999 6664.6 
043 0.9061152126792681 509 252 2681 2424 
038 1.591793268918991 5501 2526 5693 2970.6 
038 0.9876986610587077 2366 35 2877 546 
038 0.8713809400182213 3393 4225 3568 4400 
056 0.9281780624042418 407 67 503 163 
067 0.8526534329435819 1443 382 2044 983 
067 0.9896742572483181 3352 5705 3520 5873 
074 0.9017424309450669 813 406 1412 1005 
074 0.9855832989065266 5820 1159 5928 1267 
074 0.9174962686317247 5588 1869 5686 1967 
074 0.9916784397159326 3163 2289 3307 2433 
074 0.8908599100171549 6994 2366 7121 2493 
074 0.8694547494933129 5291 2626 5440 2775 
074 0.8709809065258336 6813 2824 6943 2954 
074 0.9283455590981684 6496 4058 6667 4229 
074 0.9632266777357071 1764 4861 1917 5014 
074 0.9525551166630527 3127 4650 3267 4790 
074 0.9332775594636377 5641 5120 5779 5258 
