036 0.34805263781977475 1135 1291 93 93 
036 0.5910327905512957 5014 3266 249 249 
036 0.6688633022571259 3343 1478 247 247 
036 0.7374011390295874 828 2793 157 157 
036 0.7626313164768735 271 574 149 149 
036 0.7685114799451247 990 2253 230 230 
036 0.93934846554555 3862 4143 122 122 
056 0.07606389054387222 405 67 99 99 
018 8.30845820071952e-06 1865 620 476 476 
018 0.015164876186167544 1146 3954 146 146 
018 0.022029192480414884 1911 3956 146 146 
018 0.024864831101890212 2517 3946 150 150 
018 0.09573862820548218 676 4020 132 132 
018 0.1632241710257769 5661 5552 101 101 
018 0.2535610098209543 1373 2924 121 121 
018 0.28680271555333187 6555 1271 196 196 
018 0.33528728493681764 3818 943 96 96 
018 0.48320016277364775 1857 3439 129 129 
036 0.34805263781977475 1135 1291 93 93 
036 0.5910327905512957 5014 3266 249 249 
036 0.6688633022571259 3343 1478 247 247 
036 0.7374011390295874 828 2793 157 157 
036 0.7626313164768735 271 574 149 149 
036 0.7685114799451247 990 2253 230 230 
036 0.93934846554555 3862 4143 122 122 
043 0.016892995083833014 3780 6089 141 141 
043 0.10643621669436075 523 222 2092 2092 
043 0.24510202309295032 1671 5382 104 104 
043 0.39494593859428356 280 6660 220 220 
043 0.6279682372436656 2809 5799 179 179 
043 0.7275313148794174 4654 1468 191 191 
043 0.8091145601882281 4133 6223 203 203 
043 0.8828209665667739 395 5219 162 162 
043 0.8916545743172474 2875 4625 138 138 
043 0.9889861240487082 1038 3213 208 208 
038 0.005033591279811429 2373 42 485 485 
038 0.09171666789968924 5516 2524 155 155 
038 0.3581053999952656 3442 3271 166 166 
038 0.580263751030479 5379 6651 126 126 
038 0.6187287763318853 9627 6591 157 157 
038 0.6280088538187629 4567 2843 101 101 
038 0.6402403343890585 4081 520 108 108 
038 0.7027244366769125 4239 1805 119 119 
038 0.720141810852868 3652 1132 137 137 
038 0.8554351760083747 3569 686 103 103 
056 0.07606389054387222 405 67 99 99 
067 0.008258915417530972 3354 5705 164 164 
067 0.2399445020126445 1459 385 564 564 
067 0.4035393898796597 4375 1637 123 123 
067 0.4334519835987829 5381 3184 161 161 
067 0.7257671367716457 7720 5726 666 666 
067 0.842846388751778 3625 1462 640 640 
067 0.90803012061825 7082 2476 339 339 
074 0.014828596198774035 3161 2288 146 146 
074 0.03134426329313187 1765 4865 151 151 
074 0.05112180761030784 6489 4056 175 175 
074 0.0558229224101188 5641 5122 136 136 
074 0.06329852712588617 7526 2676 131 131 
074 0.08171527261241864 6999 2368 121 121 
074 0.12453032481642573 822 409 568 568 
074 0.24414727714088189 4390 1903 147 147 
074 0.3457655781481267 4942 991 152 152 
074 0.3464507881265246 9196 930 271 271 
043 0.016892995083833014 3780 6089 141 141 
043 0.10643621669436075 523 222 2092 2092 
043 0.24510202309295032 1671 5382 104 104 
043 0.39494593859428356 280 6660 220 220 
043 0.6279682372436656 2809 5799 179 179 
043 0.7275313148794174 4654 1468 191 191 
043 0.8091145601882281 4133 6223 203 203 
043 0.8828209665667739 395 5219 162 162 
043 0.8916545743172474 2875 4625 138 138 
043 0.9889861240487082 1038 3213 208 208 
043 0.016892995083833014 3780 6089 141 141 
043 0.10643621669436075 523 222 2092 2092 
043 0.24510202309295032 1671 5382 104 104 
043 0.39494593859428356 280 6660 220 220 
018 8.30845820071952e-06 1865 620 476 476 
018 0.015164876186167544 1146 3954 146 146 
018 0.022029192480414884 1911 3956 146 146 
018 0.024864831101890212 2517 3946 150 150 
018 0.09573862820548218 676 4020 132 132 
2442 2991 118 118 
804 3748 116 116 
036 0.34805263781977475 1135 1291 93 93 
043 0.016892995083833014 3780 6089 141 141 
043 0.10643621669436075 523 222 2092 2092 
043 0.24510202309295032 1671 5382 104 104 
043 0.39494593859428356 280 6660 220 220 
043 0.016892995083833014 3780 6089 141 141 
043 0.10643621669436075 523 222 2092 2092 
043 0.24510202309295032 1671 5382 104 104 
043 0.39494593859428356 280 6660 220 220 
043 0.016892995083833014 3780 6089 141 141 
043 0.10643621669436075 523 222 2092 2092 
043 0.24510202309295032 1671 5382 104 104 
043 0.39494593859428356 280 6660 220 220 
018 8.30845820071952e-06 1865 620 476 476 
018 0.015164876186167544 1146 3954 146 146 
018 0.022029192480414884 1911 3956 146 146 
018 0.024864831101890212 2517 3946 150 150 
018 0.09573862820548218 676 4020 132 132 
018 0.1632241710257769 5661 5552 101 101 
018 0.2535610098209543 1373 2924 121 121 
018 0.28680271555333187 6555 1271 196 196 
018 0.33528728493681764 3818 943 96 96 
018 0.48320016277364775 1857 3439 129 129 
