036 0.07040206324447641 4638 4349 104 130 
036 0.10616237851320477 4559 4317 62 77 
036 0.14867944550434034 972 4183 116 145 
036 0.1964626934226398 786 3984 100 124 
036 0.21107241514490913 6152 2508 375 468 
036 0.22138126602405803 829 3915 129 162 
036 0.2556567539728397 901 3518 209 262 
036 0.3121845808516939 3364 4237 90 113 
036 0.32295053544233804 220 688 485 606 
036 0.3537535392433526 2010 4095 88 110 
003 0.4831154728830247 1320 54 125 156 
003 0.49374961013747365 1330 363 162 202 
003 0.510481127224667 245 518 148 185 
003 0.5129367536746676 921 163 130 163 
003 0.6131498054731712 1339 699 92 114 
003 0.6396808635288285 1198 146 171 214 
003 0.6488757164557546 438 423 303 378 
003 0.7247898783482104 951 59 102 128 
003 0.7327324075010955 810 415 143 179 
003 0.7399635029346311 716 214 109 137 
056 0.5641400317175924 399 62 105 131 
056 0.7923240437877945 1052 573 80 100 
056 0.8460153768903211 166 543 227 284 
056 0.8555141629206162 334 348 171 213 
056 0.8754521075133007 986 638 176 220 
018 0.049285545653698755 2536 1960 111 139 
018 0.09855419785043207 2528 1794 128 161 
018 0.11334547904109757 680 4015 119 149 
018 0.11466901267176861 7051 4365 140 175 
018 0.14784220244345125 1942 6272 166 208 
018 0.19274403746436064 5953 1738 142 177 
018 0.207614585988099 1379 1109 183 228 
018 0.22154236372534594 9665 4865 93 117 
018 0.2381534622591914 1914 3953 131 164 
018 0.27739824854016576 4452 2200 136 171 
036 0.07040206324447641 4638 4349 104 130 
036 0.10616237851320477 4559 4317 62 77 
036 0.14867944550434034 972 4183 116 145 
036 0.1964626934226398 786 3984 100 124 
036 0.21107241514490913 6152 2508 375 468 
036 0.22138126602405803 829 3915 129 162 
036 0.2556567539728397 901 3518 209 262 
036 0.3121845808516939 3364 4237 90 113 
036 0.32295053544233804 220 688 485 606 
036 0.3537535392433526 2010 4095 88 110 
043 0.08581820462826381 4056 98 117 146 
043 0.10696497302925494 2016 6680 104 131 
043 0.10816385537792865 3780 6081 136 171 
043 0.12478096512796318 3070 6272 127 158 
043 0.15854804655513774 396 5210 149 186 
043 0.1615092403612394 956 4253 104 131 
043 0.18068811008371988 409 5114 151 189 
043 0.2184132022050128 1232 4904 107 134 
043 0.21945691873576958 1099 4940 97 121 
043 0.23493925840104263 1843 3440 85 106 
038 0.08208353519464537 4442 1116 166 208 
038 0.10062784767660296 9109 4842 134 168 
038 0.14139581582869287 8655 5349 144 181 
038 0.29664826688069074 3415 4262 137 171 
038 0.32221453282759166 8485 5227 160 200 
038 0.32551831099303363 5522 2524 133 167 
038 0.3333341084700985 7282 5617 134 168 
038 0.3339817135373664 4834 6336 113 142 
038 0.3347434047099958 8312 1944 194 242 
038 0.3464906325013312 8918 5753 99 124 
056 0.5641400317175924 399 62 105 131 
056 0.7923240437877945 1052 573 80 100 
056 0.8460153768903211 166 543 227 284 
056 0.8555141629206162 334 348 171 213 
056 0.8754521075133007 986 638 176 220 
056 0.8848256331542661 1354 426 191 239 
056 0.885938630541408 295 110 150 188 
056 0.886795706231959 1395 268 183 229 
056 0.9422020084745982 511 155 220 276 
056 0.9445730826573074 1162 282 198 247 
067 0.06776448267897642 601 4337 160 200 
067 0.09065625739873859 7115 4648 181 226 
067 0.09811308960622635 3361 5703 147 184 
067 0.10185535338383085 7136 2500 255 318 
067 0.15125015416782073 5101 2876 134 168 
067 0.15378674372175882 2471 4483 122 152 
067 0.17037736027219624 440 6688 172 215 
067 0.22959197249944777 9622 2482 165 206 
067 0.2586914263095791 8069 3531 153 191 
067 0.3112651384536223 8142 3788 106 132 
074 0.03555823710223691 6770 6019 247 309 
074 0.05164534467192803 6276 6063 282 352 
074 0.057740151562320485 8048 6033 101 126 
074 0.061603791583340735 8448 5220 185 231 
074 0.087096972405048 7710 3607 90 113 
074 0.0886803128675005 253 5522 188 235 
074 0.0958714064742641 1772 4865 128 160 
074 0.11281717860238462 88 3205 122 152 
074 0.11347185744232373 6995 2356 123 154 
074 0.11399745718027393 6888 5318 208 261 
043 0.08581820462826381 4056 98 117 146 
043 0.10696497302925494 2016 6680 104 131 
043 0.10816385537792865 3780 6081 136 171 
043 0.12478096512796318 3070 6272 127 158 
043 0.15854804655513774 396 5210 149 186 
043 0.1615092403612394 956 4253 104 131 
043 0.18068811008371988 409 5114 151 189 
043 0.2184132022050128 1232 4904 107 134 
043 0.21945691873576958 1099 4940 97 121 
043 0.23493925840104263 1843 3440 85 106 
003 0.4831154728830247 1320 54 125 156 
003 0.49374961013747365 1330 363 162 202 
003 0.4831154728830247 1320 54 125 156 
003 0.49374961013747365 1330 363 162 202 
018 0.049285545653698755 2536 1960 111 139 
018 0.09855419785043207 2528 1794 128 161 
018 0.11334547904109757 680 4015 119 149 
018 0.11466901267176861 7051 4365 140 175 
018 0.14784220244345125 1942 6272 166 208 
036 0.07040206324447641 4638 4349 104 130 
036 0.10616237851320477 4559 4317 62 77 
036 0.14867944550434034 972 4183 116 145 
036 0.1964626934226398 786 3984 100 124 
036 0.21107241514490913 6152 2508 375 468 
043 0.08581820462826381 4056 98 117 146 
043 0.10696497302925494 2016 6680 104 131 
043 0.10816385537792865 3780 6081 136 171 
043 0.12478096512796318 3070 6272 127 158 
043 0.15854804655513774 396 5210 149 186 
018 0.049285545653698755 2536 1960 111 139 
018 0.09855419785043207 2528 1794 128 161 
018 0.11334547904109757 680 4015 119 149 
018 0.11466901267176861 7051 4365 140 175 
018 0.14784220244345125 1942 6272 166 208 
018 0.19274403746436064 5953 1738 142 177 
018 0.207614585988099 1379 1109 183 228 
018 0.22154236372534594 9665 4865 93 117 
018 0.2381534622591914 1914 3953 131 164 
018 0.27739824854016576 4452 2200 136 171 
003 0.4831154728830247 1320 54 125 156 
003 0.49374961013747365 1330 363 162 202 
