036 0.9556426128323173 284 283 251 314 
003 0.9194772669826344 1356 74 116 145 
003 0.9334524144589769 1291 215 83 104 
003 0.9335737659499105 358 533 80 100 
056 0.8757649409231065 1251 130 168 210 
018 6.867262684779304e-07 1509 3964 141 176 
018 0.05195819757417751 6066 983 84 106 
018 0.0888078932144142 7309 6343 111 139 
018 0.08934834751837512 8312 3404 117 146 
018 0.12041905154952254 323 6442 220 275 
018 0.1437621330712062 4944 5227 261 327 
018 0.20659855760456688 3654 3512 103 129 
018 0.22400174134211448 5889 2723 112 140 
018 0.2556647188821753 6057 4620 145 182 
018 0.2979803166472739 4963 3350 303 380 
036 0.20065439498791732 2334 2595 95 120 
036 0.21397361551934901 3075 1849 96 120 
036 0.3042613709465446 3797 1969 74 92 
036 0.3994723864445213 4959 1487 104 130 
036 0.5121583069566447 2857 1630 107 134 
036 0.5257526736184398 3235 1238 332 415 
036 0.5383839816215353 6277 3727 109 136 
036 0.554894168703049 4210 1547 104 130 
036 0.5830413043365404 1838 662 102 127 
036 0.5859357679712107 4372 3152 141 176 
043 0.07098148097763651 4572 3409 148 185 
043 0.23920709007651933 3933 4683 138 172 
043 0.28499186782525543 258 30 113 141 
043 0.2954280318590583 3596 6562 194 242 
043 0.47563655660940835 4545 5742 236 295 
043 0.6268422096395396 4586 2376 249 311 
043 0.7475686640613468 2205 6493 330 413 
043 0.7838277081243062 2536 6379 169 211 
043 0.7930085289842864 546 917 96 120 
043 0.8839302735404281 1176 6305 321 401 
038 1.648681971320144e-05 336 5138 186 232 
038 0.1954979409918538 954 6094 172 215 
038 0.22566898886903713 3316 6733 146 182 
038 0.26884539122540446 8506 5238 130 162 
038 0.2811614986035933 13 884 122 152 
038 0.3331842184125795 4528 3155 396 495 
038 0.38560171778292507 9114 3247 211 263 
038 0.4199885520358864 1069 6065 151 188 
038 0.4617333785269123 3261 486 121 152 
038 0.46357801854930386 8882 5380 161 201 
056 0.8757649409231065 1251 130 168 210 
067 0.0035683576183450708 6833 2993 153 192 
067 0.4627283680588066 7427 2110 170 212 
067 0.5220043157709124 8563 4398 219 274 
067 0.5276684687498824 3017 5485 153 191 
067 0.5412523085162341 7836 2555 189 236 
067 0.6037318212650894 9397 6574 147 183 
067 0.6464857643582869 8832 2331 164 205 
067 0.6538910458652087 3326 6226 324 406 
067 0.699580249906189 3986 3834 361 451 
067 0.7119074681867895 4298 1424 185 231 
036 0.9556426128323173 284 283 251 314 
074 3.961222813038037e-07 2386 2556 128 161 
074 0.19145422527826694 6373 1602 84 104 
074 0.2731663345597369 2390 2748 98 122 
074 0.2919253100886706 9721 6686 143 179 
074 0.2981096482887662 9131 3086 109 136 
074 0.31943513487290676 5880 1335 91 114 
074 0.3196799432969575 7978 2165 152 190 
074 0.37352542195013416 674 5449 86 108 
074 0.40769604561437195 1945 4942 134 167 
074 0.4684343488684932 4784 2123 197 246 
003 0.9194772669826344 1356 74 116 145 
003 0.9334524144589769 1291 215 83 104 
003 0.9335737659499105 358 533 80 100 
003 0.9194772669826344 1356 74 116 145 
003 0.9334524144589769 1291 215 83 104 
003 0.9335737659499105 358 533 80 100 
018 6.867262684779304e-07 1509 3964 141 176 
018 0.05195819757417751 6066 983 84 106 
018 0.0888078932144142 7309 6343 111 139 
018 0.08934834751837512 8312 3404 117 146 
018 0.12041905154952254 323 6442 220 275 
036 0.20065439498791732 2334 2595 95 120 
036 0.21397361551934901 3075 1849 96 120 
036 0.3042613709465446 3797 1969 74 92 
036 0.3994723864445213 4959 1487 104 130 
036 0.5121583069566447 2857 1630 107 134 
043 0.07098148097763651 4572 3409 148 185 
043 0.23920709007651933 3933 4683 138 172 
043 0.28499186782525543 258 30 113 141 
043 0.2954280318590583 3596 6562 194 242 
043 0.47563655660940835 4545 5742 236 295 
018 2.3322048963956163e-06 1511 3968 136 170 
003 0.9194772669826344 1356 74 116 145 
003 0.9334524144589769 1291 215 83 104 
003 0.9335737659499105 358 533 80 100 
